НАЧАЛО РАСЧЕТА:
Лямбда 0: 2.0
Лямбда 1: 5.0
Решающий порог: 3.0
Длина выборки: 3.0
Лямбда: 4.0
r[1]: 0.577051125696264
r[2]: 0.8275195707566056
r[3]: 0.2704175927551189
r[4]: 0.31102688468486306
r[5]: 0.07804503126700535
r[6]: 0.584050740015401
r[7]: 0.14006467309746906
r[8]: 0.10254450462952203
r[9]: 0.6940714373012002
r[10]: 0.39586154867109613
r[11]: 0.5405822348150372
r[12]: 0.09688201238700145
r[13]: 0.4935515237191005
r[14]: 0.17423096607322408
r[15]: 0.6213418111121924
r[16]: 0.22584230111029224
r[17]: 0.4617933794829573
r[18]: 0.30503059349173656
r[19]: 0.7806680361830566
r[20]: 0.6393975522679077
r[21]: 0.3947188407597765
r[22]: 0.06810605432521577
r[23]: 0.22959707288462883
r[24]: 0.0945769094423281
r[25]: 0.8156901901045253
r[26]: 0.34966943348208
r[27]: 0.4537677629787328
r[28]: 0.6346615049661267
r[29]: 0.7390453176815576
Список из gi номер 1 :[0, 0.5039224241192005, 1.2782212648312816, 1.2136710904812602, 1.2540548789000892, 0.2574936395662972, 0.7704588091854112, 0.2125112818023167, 0, 0.6424054407389079, 0.8636781075416773, 1.3186374586729923, 0.4842321345486298, 0.8709268507784597, 0.4766874810923022, 1.0360727669635148, 0.8364247693591729, 1.1732372123626926, 1.1990205435807437, 1.9296073235524438, 2.5104764025260784, 2.7295809620957767, 1.630854819226653, 1.4435735285670686, 0.5911078212275869, 1.354608054276666, 1.4828235012289963, 1.8064869227716005, 2.381780040698107]
r[1]: 0.6990587204899235
r[2]: 0.2703515298715867
r[3]: 0.3464049161450692
r[4]: 0.6244976679356832
r[5]: 0.38838216627429234
r[6]: 0.04953372178081361
r[7]: 0.9409284940706708
r[8]: 0.3844072597982867
r[9]: 0.7561536985648649
r[10]: 0.7807411656305316
r[11]: 0.9172024591066102
Список из gi номер 2 :[0, 0.647775331484168, 0.5830419101223536, 0.7042224592791133, 1.2674074283679062, 1.4743740656217361, 0.13683860255509295, 1.007463235742751, 1.2067144306074529, 1.9133721986168974, 2.644029231902825]
r[1]: 0.975491859149198
r[2]: 0.9124109491599255
r[3]: 0.2512444876565064
r[4]: 0.7948235351038095
r[5]: 0.9098510024163755
Список из gi номер 3 :[0, 0.8976806336756203, 1.745222774362706, 1.6255169365930167, 2.36958130042518]
Список из Tj: [29, 11, 5]
Мат ожидание: 15.0
Дисперсия: 104.0
Мат отклонение: 60.04442799572108
