НАЧАЛО РАСЧЕТА:
Лямбда 0: 1.0
Лямбда 1: 2.0
Решающий порог: 50.0
Количество повторных запусков: 1.0
Лямбда: 1.0
Ограничение на gi: 50
r[1]: 0.5872621289117567
r[2]: 0.3594747169245265
r[3]: 0.3403124482641484
r[4]: 0.11689216146596981
r[5]: 0.39055429070568415
r[6]: 0.7243331206584723
r[7]: 0.8176373817170426
r[8]: 0.4480473793438636
r[9]: 0.14115739784252856
r[10]: 0.5095666555407456
r[11]: 0.7878062511401175
r[12]: 0.19396473101302802
r[13]: 0.7899891723725311
r[14]: 0.6976732326438577
r[15]: 0.14173682687247302
r[16]: 0.3199865467516151
r[17]: 0.9111245065029367
r[18]: 0.8261179831097727
r[19]: 0.3428677305857316
r[20]: 0.15546804583845109
r[21]: 0.36290906132766654
r[22]: 0.9578302507734823
r[23]: 0.2117774177354771
r[24]: 0.2295578015838754
r[25]: 0.9184839608709844
r[26]: 0.46601346352323414
r[27]: 0.0780021521669314
r[28]: 0.11435573514545716
r[29]: 0.2470287021366968
r[30]: 0.65931202928027
r[31]: 0.9744303567274037
r[32]: 0.26305454429150255
r[33]: 0.2987963357791794
r[34]: 0.27543166807346964
r[35]: 0.08212369073265868
r[36]: 0.6010206452409641
r[37]: 0.6450540659365694
r[38]: 0.3962683800858934
r[39]: 0.20811424694015723
r[40]: 0.16079032375676694
r[41]: 0.19634896407299518
r[42]: 0.08320622728509008
r[43]: 0.3938921859271344
r[44]: 0.24192518065964863
r[45]: 0.44262261621104027
r[46]: 0.06970463152940476
r[47]: 0.6790804384570507
r[48]: 0.13212213550692298
r[49]: 0.40562605579069433
r[50]: 0.16066090825100088
Список из gi номер 1 :[0, 0.16086317864855393, 0, 0, 0, 0, 0.37064329955145875, 0.8624541408117044, 0.7527450266765527, 0, 0.01895257108260351, 0.473596658098609, 0, 0.45741114108739367, 0.7905538877373499, 0, 0, 0.600071459645177, 1.102200961238414, 0.724937610495192, 0, 0, 0.6500624725890298, 0, 0, 0.6081163437734813, 0.5377227707403388, 0, 0, 0, 0.2765888130641652, 0.9438337653892137, 0.30158707038524024, 0, 0, 0, 0.18402118700548653, 0.4387472250235747, 0.20623083579192875, 0, 0, 0, 0, 0, 0, 0, 0, 0.3061314881833575, 0, 0, 0]
Список из Tj: [51]
Мат ожидание: 51.0
Дисперсия: 0.0
Мат отклонение: 0.0
