НАЧАЛО РАСЧЕТА:
Лямбда 0: 1.0
Лямбда 1: 3.0
Решающий порог: 3.0
Количество повторных запусков: 3.0
Лямбда: 2.0
r[1]: 0.6185124175304441
r[2]: 0.35551038120745115
r[3]: 0.9914085001434136
r[4]: 0.7063102400485382
r[5]: 0.6696519172843107
Список из gi номер 1 :[0, 0.6181742781649071, 0.6825857383765372, 1.772569407490999, 2.523480991644104, 3.2210960522731398]
r[1]: 0.7986121027530685
r[2]: 0.9816788510859878
r[3]: 0.21163742406270025
r[4]: 0.1434295365458329
r[5]: 0.9917899250670607
r[6]: 0.9882061032638669
r[7]: 0.49410049792562305
Список из gi номер 2 :[0, 0.8737323591627784, 1.9538535881614445, 1.4995851444933646, 0.656286034258269, 1.7466543597172512, 2.833402651938148, 3.226998595217926]
r[1]: 0.49280542402695526
r[2]: 0.8956349820483718
r[3]: 0.8490460577619997
r[4]: 0.09716745803059401
r[5]: 0.4739641157468488
r[6]: 0.47487400595173046
r[7]: 0.9569114169107313
r[8]: 0.23785703423357152
r[9]: 0.8219083280698608
Список из gi номер 3 :[0, 0.39097142839291577, 1.379361381942827, 2.314331825893906, 1.0816246970663446, 1.433613320406188, 1.7875198483136963, 2.842087681856705, 2.504614488226129, 3.40710036371976]
Список из Tj: [6, 8, 10]
Мат ожидание: 8.0
Дисперсия: 2.6666666666666714
Мат отклонение: 1.5396007178390048
