НАЧАЛО РАСЧЕТА:
Лямбда 0: 1.0
Лямбда 1: 3.0
Решающий порог: 3.0
Длина выборки: 3.0
Лямбда: 2.0
r[1]: 0.2921976062206224
r[2]: 0.766859756962738
r[3]: 0.5027098219855953
r[4]: 0.5004578601212153
r[5]: 0.7438467714441968
r[6]: 0.14230480022967318
r[7]: 0.3143009181575357
r[8]: 0.6608037015946423
r[9]: 0.8256005942818857
Список из gi номер 1 :[0, 0, 0.8331609481323965, 1.2440310667895134, 1.6504114761241087, 2.453103547072123, 1.601931794452016, 1.5431396692147992, 2.2274535027786584]
r[1]: 0.8147111735838256
r[2]: 0.07579643229891053
r[3]: 0.1313683584593356
r[4]: 0.38884701810484
r[5]: 0.08880413583284519
r[6]: 0.2068752901610913
r[7]: 0.9418722039152874
r[8]: 0.9105487797562236
r[9]: 0.7883721643406895
r[10]: 0.26990018209532896
r[11]: 0.27493928201484064
r[12]: 0.2682716424725857
r[13]: 0.7261807181852864
Список из gi номер 2 :[0, 0.8936906718757782, 0, 0, 0.1540430063002608, 0, 0, 1.038726610425604, 2.043631092535242, 2.9044583703578315, 2.6933675747445602, 2.500774865045507, 2.283631933221124]
r[1]: 0.6216991245744424
r[2]: 0.3801717412425363
r[3]: 0.6111319483835511
r[4]: 0.8794072914269734
r[5]: 0.02739276056426021
r[6]: 0.5950615260052453
r[7]: 0.22274838913041706
r[8]: 0.3662700615103943
r[9]: 0.5322861772008141
r[10]: 0.47993640666128423
r[11]: 0.771350546450824
r[12]: 0.009520402775435977
r[13]: 0.3485548111785831
r[14]: 0.8485389901262552
r[15]: 0.879338252492111
r[16]: 0.5023537604791742
r[17]: 0.3069497778697672
r[18]: 0.9549048987283573
Список из gi номер 3 :[0, 0.6233132628445299, 0.754793373790259, 1.3609632741341748, 2.331068431898158, 0, 0.5795218149365012, 0.17642165920949748, 0.27064960318162845, 0.738687884647544, 1.1031985033360674, 1.9421984479140724, 0, 0.04465250493319339, 0.9790255500659266, 1.9490521985365823, 2.359213781878065, 2.2767549357681727]
Список из Tj: [9, 13, 18]
Мат ожидание: 13.333333333333334
Дисперсия: 13.555555555555534
Мат отклонение: 7.826303649014915
